0 Degree_Centrality 0 2779 0.11 2.22343185504e-08
1 Eigenvector_Centrality 0 2779 0.22 2.3259737852e-31
2 Closeness 1 2779 -0.19 1.4757769995e-23
3 Eccentricity 0 2779 -0.13 6.92155086519e-12
4 Betweenness 0 2779 0.01 0.752680026142
5 Pagerank_Centrality 1 2779 0.02 0.259958535963
6 Hub 1 2779 0.35 8.10885414202e-80
7 assortativity_degree 1 2779 0.12 2.52572682489e-10
8 average_authority_score 1 2779 0.14 2.0520893787e-13
9 authority_score 0 2779 0.35 3.69195013754e-80
10 average_path_length 0 2779 -0.22 7.1579230166e-31
11 clique_number 0 2779 0.05 0.00870449229
12 coreness 0 2779 0.05 0.0132964814188
13 density 0 2779 -0.26 4.88710677868e-43
14 diameter 0 2779 -0.08 6.1563457551e-05
15 edge_count 1 2779 -0.18 2.37427567349e-21
16 vertex_count 1 2779 -0.15 1.46143167209e-15
17 average_eigenvector_centrality 1 2779 0.02 0.28547169594
18 average_pagerank_centrality 1 2779 0.00 0.982151928331
19 average_betweeness_centrality 1 2779 -0.21 2.51208879289e-28
20 average_closeness 1 2779 -0.19 2.08806420023e-23
21 average_eccentricity 0 2779 -0.07 0.000604543634246
22 average_hub 0 2779 0.43 2.8174985777e-125
23 average_degree 1 2779 -0.02 0.243971437266
24 average_coreness 0 2779 0.01 0.701829334239


25 Degree_Centrality 0 2779 0.14 5.04376347345e-14
26 Eigenvector_Centrality 1 2779 0.23 1.4241680518e-34
27 Closeness 0 2779 -0.23 1.64571575873e-34
28 Eccentricity 0 2779 -0.13 1.01812439173e-12
29 Betweenness 0 2779 -0.02 0.40778756304
30 Pagerank_Centrality 1 2779 0.03 0.152241777396
31 Hub 0 2779 0.36 7.53388101901e-86
32 assortativity_degree 1 2779 0.11 2.80667225495e-08
33 average_authority_score 1 2779 0.02 0.23744750087
34 authority_score 0 2779 0.25 2.18734028593e-42
35 average_path_length 1 2779 -0.09 2.25611007581e-06
36 clique_number 1 2779 0.04 0.027114803263
37 coreness 0 2779 0.12 8.27298694808e-11
38 density 1 2779 -0.24 1.06793528753e-38
39 diameter 1 2779 -0.02 0.200768500844
40 edge_count 1 2779 -0.15 3.4661382372e-16
41 vertex_count 0 2779 -0.15 1.46143167209e-15
42 average_eigenvector_centrality 0 2779 -0.03 0.161529997493
43 average_pagerank_centrality 0 2779 0.00 0.982151928331
44 average_betweeness_centrality 0 2779 -0.16 2.55901794308e-17
45 average_closeness 0 2779 -0.26 6.11071431092e-43
46 average_eccentricity 0 2779 -0.05 0.00615949255133
47 average_hub 0 2779 0.21 4.99813003124e-29
48 average_degree 0 2779 0.00 0.917341963606
49 average_coreness 0 2779 0.05 0.0168898069962


50 Degree_Centrality 1 2779 0.17 4.53288513897e-20
51 Eigenvector_Centrality 0 2779 0.22 1.97097059428e-32
52 Closeness 1 2779 -0.17 1.53017669366e-20
53 Eccentricity 0 2779 -0.17 4.13748567966e-19
54 Betweenness 0 2779 0.04 0.0639400867176
55 Pagerank_Centrality 0 2779 0.02 0.191510901868
56 Hub 0 2779 0.33 2.56831896094e-70
57 assortativity_degree 0 2779 0.11 7.8475223907e-09
58 average_authority_score 0 2779 0.08 1.17829501986e-05
59 authority_score 1 2779 0.26 2.12360694923e-45
60 average_path_length 0 2779 -0.15 5.6811466001e-15
61 clique_number 1 2779 0.06 0.00266716164477
62 coreness 0 2779 0.13 4.7457418172e-12
63 density 0 2779 -0.26 2.92361187311e-43
64 diameter 0 2779 -0.03 0.123457045073
65 edge_count 0 2779 -0.13 1.79694334139e-12
66 vertex_count 0 2779 -0.15 1.46143167209e-15
67 average_eigenvector_centrality 1 2779 -0.00 0.918106602215
68 average_pagerank_centrality 0 2779 0.00 0.982151928331
69 average_betweeness_centrality 0 2779 -0.12 7.63028896909e-11
70 average_closeness 1 2779 -0.19 4.01378915517e-23
71 average_eccentricity 0 2779 -0.02 0.306166412495
72 average_hub 0 2779 0.28 6.49032766054e-52
73 average_degree 0 2779 0.07 0.000291688017929
74 average_coreness 0 2779 0.11 3.58014239463e-09

